0.00 7.13 3.23 6.48 8.14 5.51 3.28 3.82 4.23 7.54 6.21 7.27 7.50 3.63 6.28 8.52 5.51 3.46 4.60 7.45
7.13 0.00 6.34 3.38 7.40 8.30 7.34 3.71 3.77 2.17 4.12 8.14 5.85 4.49 4.39 6.31 6.26 7.15 6.50 1.60
3.23 6.34 0.00 7.69 7.86 8.33 3.33 5.77 4.56 7.95 2.55 4.26 7.81 6.86 2.84 4.17 3.08 5.91 6.53 4.58
6.48 3.38 7.69 0.00 4.30 3.60 8.38 7.65 7.08 4.53 7.72 7.40 4.69 3.17 8.19 6.31 7.40 7.16 7.34 8.18
8.14 7.40 7.86 4.30 0.00 3.99 8.16 8.33 8.33 4.66 7.75 7.43 2.12 7.24 8.22 8.35 8.76 8.33 6.29 5.94
5.51 8.30 8.33 3.60 3.99 0.00 7.67 6.39 8.41 1.54 7.30 6.29 6.92 2.08 5.17 4.18 8.29 8.51 5.59 6.69
3.28 7.34 3.33 8.38 8.16 7.67 0.00 2.19 6.26 3.79 4.14 2.52 8.64 8.24 8.27 6.56 2.54 1.82 6.81 7.40
3.82 3.71 5.77 7.65 8.33 6.39 2.19 0.00 6.21 1.82 4.55 7.38 8.19 5.82 4.58 4.61 7.13 3.77 4.22 3.96
4.23 3.77 4.56 7.08 8.33 8.41 6.26 6.21 0.00 7.70 3.88 6.72 7.86 7.86 6.07 4.20 5.34 1.89 8.19 4.53
7.54 2.17 7.95 4.53 4.66 1.54 3.79 1.82 7.70 0.00 7.26 6.58 3.27 1.30 6.91 6.37 8.22 8.27 5.10 4.63
6.21 4.12 2.55 7.72 7.75 7.30 4.14 4.55 3.88 7.26 0.00 7.57 7.57 5.34 6.61 3.50 3.52 6.48 6.89 4.58
7.27 8.14 4.26 7.40 7.43 6.29 2.52 7.38 6.72 6.58 7.57 0.00 7.37 7.42 7.18 8.02 1.62 2.31 8.14 5.69
7.50 5.85 7.81 4.69 2.12 6.92 8.64 8.19 7.86 3.27 7.57 7.37 0.00 6.47 8.54 7.76 7.70 7.81 7.18 8.57
3.63 4.49 6.86 3.17 7.24 2.08 8.24 5.82 7.86 1.30 5.34 7.42 6.47 0.00 1.89 3.80 6.31 7.73 3.58 7.56
6.28 4.39 2.84 8.19 8.22 5.17 8.27 4.58 6.07 6.91 6.61 7.18 8.54 1.89 0.00 2.76 7.30 7.73 4.44 4.45
8.52 6.31 4.17 6.31 8.35 4.18 6.56 4.61 4.20 6.37 3.50 8.02 7.76 3.80 2.76 0.00 8.30 7.54 3.15 1.52
5.51 6.26 3.08 7.40 8.76 8.29 2.54 7.13 5.34 8.22 3.52 1.62 7.70 6.31 7.30 8.30 0.00 4.58 5.45 7.43
3.46 7.15 5.91 7.16 8.33 8.51 1.82 3.77 1.89 8.27 6.48 2.31 7.81 7.73 7.73 7.54 4.58 0.00 7.37 6.62
4.60 6.50 6.53 7.34 6.29 5.59 6.81 4.22 8.19 5.10 6.89 8.14 7.18 3.58 4.44 3.15 5.45 7.37 0.00 6.05
7.45 1.60 4.58 8.18 5.94 6.69 7.40 3.96 4.53 4.63 4.58 5.69 8.57 7.56 4.45 1.52 7.43 6.62 6.05 0.00
