0.00 8.24 8.54 7.16 6.53 4.66 7.15 7.59 4.26 5.86 7.69 5.51 4.33 3.61 4.04 8.68 5.21 5.20 4.55 7.91
8.24 0.00 2.77 2.95 5.40 7.46 7.35 4.71 3.72 5.28 1.73 6.26 6.50 6.85 5.15 2.82 5.37 4.64 5.37 1.92
8.54 2.77 0.00 6.92 4.63 4.87 5.69 5.83 3.63 7.70 2.63 4.49 5.42 5.91 4.14 5.23 3.60 6.40 6.61 2.73
7.16 2.95 6.92 0.00 3.08 2.39 7.97 5.70 7.18 4.45 3.61 8.08 2.62 3.46 5.31 4.82 7.26 7.94 4.18 4.23
6.53 5.40 4.63 3.08 0.00 2.36 7.59 4.71 7.92 7.84 5.90 7.69 1.92 2.65 3.71 7.46 7.29 7.30 3.55 6.35
4.66 7.46 4.87 2.39 2.36 0.00 7.56 7.24 8.40 2.43 5.39 7.61 2.66 2.00 3.12 7.13 8.45 6.37 6.62 6.67
7.15 7.35 5.69 7.97 7.59 7.56 0.00 5.40 4.37 5.28 4.14 4.33 8.10 7.40 8.16 7.76 4.60 5.58 5.90 4.07
7.59 4.71 5.83 5.70 4.71 7.24 5.40 0.00 6.26 2.33 6.42 5.63 8.59 7.75 7.21 3.50 6.62 3.39 4.37 2.77
4.26 3.72 3.63 7.18 7.92 8.40 4.37 6.26 0.00 7.83 4.04 5.91 8.19 8.35 7.40 4.66 5.48 1.86 5.66 3.17
5.86 5.28 7.70 4.45 7.84 2.43 5.28 2.33 7.83 0.00 6.43 5.42 3.52 4.26 5.94 4.74 5.28 6.83 4.63 6.78
7.69 1.73 2.63 3.61 5.90 5.39 4.14 6.42 4.04 6.43 0.00 7.29 5.36 3.82 4.10 3.58 4.37 7.56 4.71 1.62
5.51 6.26 4.49 8.08 7.69 7.61 4.33 5.63 5.91 5.42 7.29 0.00 8.48 6.24 7.92 5.85 4.56 3.66 4.56 6.37
4.33 6.50 5.42 2.62 1.92 2.66 8.10 8.59 8.19 3.52 5.36 8.48 0.00 2.70 3.34 5.88 7.69 8.21 6.20 4.49
3.61 6.85 5.91 3.46 2.65 2.00 7.40 7.75 8.35 4.26 3.82 6.24 2.70 0.00 3.08 6.09 3.76 3.72 2.89 4.09
4.04 5.15 4.14 5.31 3.71 3.12 8.16 7.21 7.40 5.94 4.10 7.92 3.34 3.08 0.00 4.23 5.42 5.29 2.79 4.69
8.68 2.82 5.23 4.82 7.46 7.13 7.76 3.50 4.66 4.74 3.58 5.85 5.88 6.09 4.23 0.00 3.87 7.29 2.41 3.17
5.21 5.37 3.60 7.26 7.29 8.45 4.60 6.62 5.48 5.28 4.37 4.56 7.69 3.76 5.42 3.87 0.00 4.53 4.56 7.19
5.20 4.64 6.40 7.94 7.30 6.37 5.58 3.39 1.86 6.83 7.56 3.66 8.21 3.72 5.29 7.29 4.53 0.00 4.25 3.85
4.55 5.37 6.61 4.18 3.55 6.62 5.90 4.37 5.66 4.63 4.71 4.56 6.20 2.89 2.79 2.41 4.56 4.25 0.00 6.66
7.91 1.92 2.73 4.23 6.35 6.67 4.07 2.77 3.17 6.78 1.62 6.37 4.49 4.09 4.69 3.17 7.19 3.85 6.66 0.00
